('2013Q3', [('023135106', 785, 313647781, 399551.3133757962), ('78462F103', 1009, 1500732182, 1487346.067393459), ('478160104', 1718, 1856815129, 1080800.424330617), ('037833100', 1651, 607793562, 368136.62144155055), ('46625H100', 1412, 2764604883, 1957935.4695467423), ('00206R102', 1273, 2862917092, 2248952.9395129615), ('949746101', 1412, 4028939766, 2853356.7747875354), ('594918104', 1729, 5711093258, 3303119.2932330826), ('084670207', 46, 2280050, 49566.30434782609), ('369604103', 1597, 5573635664, 3490066.164057608), ('30231G102', 1538, 2205938563, 1434290.3530559167)])
('2013Q4', [('00206R102', 1286, 2880759977, 2240093.294712286), ('037833100', 1702, 603398096, 354522.9706227967), ('369604103', 1622, 5566851315, 3432090.8230579533), ('084670207', 46, 1464469, 31836.282608695652), ('478160104', 1764, 1887450777, 1069983.4336734693), ('30231G102', 1550, 2246114870, 1449106.3677419354), ('46625H100', 1420, 2800470997, 1972162.673943662), ('949746101', 1445, 3641741505, 2520236.3356401385), ('78462F103', 1030, 1422748134, 1381308.867961165), ('594918104', 1740, 5861285312, 3368554.777011494), ('023135106', 804, 312481657, 388658.7773631841)])
('2014Q1', [('594918104', 1877, 5807492075, 3094028.809270112), ('46625H100', 1523, 2768187947, 1817588.9343401182), ('949746101', 1552, 4022505145, 2591820.325386598), ('00206R102', 1391, 2756519422, 1981681.8274622574), ('023135106', 932, 314361624, 337297.8798283262), ('369604103', 1766, 5422006451, 3070218.828425821), ('084670207', 46, 1392180, 30264.782608695652), ('037833100', 1854, 594091849, 320437.89050701185), ('30231G102', 1671, 2164432367, 1295291.6618791143), ('478160104', 1873, 1833625899, 978978.0560597971), ('78462F103', 1164, 1313939359, 1128813.8823024055)])
('2014Q2', [('023135106', 974, 320339807, 328890.9722792608), ('594918104', 1931, 5842742423, 3025759.9290523045), ('478160104', 1906, 1878706264, 985680.0965372508), ('00206R102', 1414, 2776043292, 1963255.5106082037), ('369604103', 1796, 5363520481, 2986369.978285078), ('084670207', 42, 1337860, 31853.809523809523), ('78462F103', 1188, 1226846450, 1032699.031986532), ('037833100', 1873, 593713927, 316985.54564869194), ('46625H100', 1538, 2797298923, 1818789.9369310793), ('30231G102', 1687, 2197808766, 1302791.2068761114), ('949746101', 1589, 4013568872, 2525845.734424166)])
('2014Q3', [('369604103', 1806, 5361159020, 2968526.589147287), ('594918104', 1931, 5869922130, 3039835.385810461), ('30231G102', 1721, 2168824214, 1260211.6292852992), ('023135106', 929, 319855100, 344300.4305705059), ('037833100', 1948, 4025896002, 2066681.7258726899), ('00206R102', 1436, 2760227704, 1922164.139275766), ('478160104', 1902, 1864248034, 980151.4374342797), ('949746101', 1595, 4048610379, 2538313.7172413794), ('084670207', 46, 1473882, 32040.91304347826), ('46625H100', 1515, 2801274265, 1849025.9174917492), ('78462F103', 1220, 1423694745, 1166962.9057377048)])
('2014Q4', [('478160104', 1914, 1870794783, 977426.7413793104), ('037833100', 1949, 3962978061, 2033339.1795792715), ('084670207', 43, 1341966, 31208.511627906977), ('46625H100', 1516, 2835176466, 1870169.172823219), ('594918104', 1935, 5977427473, 3089109.8051679586), ('78462F103', 1229, 1598444267, 1300605.5874694875), ('369604103', 1781, 5518664580, 3098632.5547445253), ('30231G102', 1699, 2158086055, 1270209.567392584), ('00206R102', 1417, 2790988239, 1969645.8990825687), ('949746101', 1611, 4025349868, 2498665.343265053), ('023135106', 921, 326435876, 354436.3474484256)])
('2015Q1', [('023135106', 978, 285515035, 291937.663599182), ('78462F103', 1381, 1465178875, 1060955.0144822593), ('084670207', 46, 1395181, 30330.021739130436), ('478160104', 2025, 1841585627, 909425.0009876543), ('949746101', 1704, 3458452364, 2029608.1948356808), ('369604103', 1864, 5327693908, 2858204.8862660946), ('00206R102', 1508, 2789261982, 1849643.2241379311), ('46625H100', 1601, 2747556025, 1716149.9219237976), ('037833100', 2088, 3756094978, 1798896.0622605365), ('594918104', 2055, 5577772933, 2714244.7362530413), ('30231G102', 1808, 2130944920, 1178619.9778761063)])
('2015Q2', [('00206R102', 1516, 2780203516, 1833907.3324538257), ('949746101', 1704, 3910146230, 2294686.7546948357), ('46625H100', 1612, 2732731585, 1695242.9187344913), ('78462F103', 1358, 1317511568, 970185.2488954344), ('30231G102', 1821, 2027464301, 1113379.6271279517), ('023135106', 1036, 327315777, 315941.8696911197), ('369604103', 1904, 5430395680, 2852098.5714285714), ('594918104', 2022, 5768590600, 2852913.2542037587), ('037833100', 2127, 3488476889, 1640092.566525623), ('478160104', 2015, 1796882868, 891753.2843672456), ('084670207', 47, 1222780, 26016.59574468085)])
('2015Q3', [('00206R102', 1539, 2751347008, 1787749.8427550357), ('949746101', 1757, 3287645555, 1871169.923164485), ('46625H100', 1653, 2705269611, 1636581.7368421052), ('78462F103', 1356, 1516895109, 1118654.210176991), ('30231G102', 1805, 2082586155, 1153787.3434903047), ('023135106', 1101, 274108497, 248963.21253405995), ('369604103', 1929, 5423619289, 2811622.233799896), ('594918104', 2026, 5436631364, 2683431.07798618), ('037833100', 2129, 3287707094, 1544249.457022076), ('478160104', 2024, 1813836544, 896164.300395257), ('084670207', 45, 1553553, 34523.4)])
('2015Q4', [('00206R102', 1575, 2901467309, 1842201.466031746), ('949746101', 1753, 3544680544, 2022065.341699943), ('46625H100', 1634, 2472885486, 1513393.8102815177), ('78462F103', 1383, 1442856631, 1043280.2827187274), ('30231G102', 1796, 1795083937, 999489.9426503341), ('023135106', 1209, 286130426, 236667.01902398677), ('369604103', 1914, 5035525805, 2630891.225182863), ('594918104', 2017, 5243450675, 2599628.495290035), ('037833100', 2132, 2822595328, 1323919.009380863), ('478160104', 2015, 1632933233, 810388.7012406947), ('084670207', 45, 1380249, 30672.2)])
